lat: 18.5214976
long: 73.8625379